ID	LENGTH	ALIGNED	UNALIGNED	VARIANT	HET	MASKED	LOWCOV
ERR573926	4809037	4550767	52256	706	1957	202040	2017
ERR573932	4809037	4563539	38538	405	2443	202040	2477
ERR573934	4809037	4550476	52307	700	2045	202040	2169
ERR573938	4809037	4557077	42517	410	2445	202040	4958
ERR573941	4809037	4562815	37837	478	2395	202040	3950
ERR573942	4809037	4564544	38052	478	2244	202040	2157
ERR573943	4809037	4562041	39543	405	2482	202040	2931
ERR573944	4809037	4562950	38484	406	2527	202040	3036
ERR573945	4809037	4549255	51391	360	2431	202040	3920
ERR573947	4809037	4561181	38428	396	2935	202040	4453
ERR573948	4809037	4561311	38820	398	3027	202040	3839
ERR573949	4809037	4561222	38499	397	3036	202040	4240
ERR573950	4809037	4564502	38630	400	2019	202040	1846
ERR573952	4809037	4564089	38601	397	2215	202040	2092
ERR573954	4809037	4563485	38681	399	2333	202040	2498
ERR573955	4809037	4562910	38679	397	2629	202040	2779
ERR573956	4809037	4564781	38280	399	2009	202040	1927
ERR573957	4809037	4563858	38527	399	2186	202040	2426
ERR573959	4809037	4562497	38534	399	2668	202040	3298
ERR573960	4809037	4559242	42745	401	2446	202040	2564
ERR573961	4809037	4550908	50946	674	1834	202040	3309
ERR573962	4809037	4562566	39610	422	2463	202040	2358
ERR573964	4809037	4550968	47720	674	1946	202040	6363
ERR573966	4809037	4564334	37615	401	2321	202040	2727
ERR573968	4809037	4552223	50390	365	2276	202040	2108
ERR573969	4809037	4564069	37765	396	2342	202040	2821
ERR573971	4809037	4562694	40191	397	1980	202040	2132
ERR573972	4809037	4550750	51683	674	2037	202040	2527
ERR573973	4809037	4564265	38362	399	2289	202040	2081
ERR657370	4809037	4563934	40346	402	602	202040	2115
ERR657371	4809037	4564170	40870	396	592	202040	1365
ERR657372	4809037	4563133	41259	504	432	202040	2173
ERR657373	4809037	4562905	41547	401	428	202040	2117
ERR657374	4809037	4563057	41451	399	406	202040	2083
ERR657375	4809037	4564815	40229	478	486	202040	1467
ERR657377	4809037	4563650	41332	370	393	202040	1622
ERR657378	4809037	4562678	41294	404	599	202040	2426
ERR657379	4809037	4563155	41787	500	386	202040	1669
ERR657381	4809037	4563286	41412	499	352	202040	1947
ERR657382	4809037	4563147	42133	501	362	202040	1355
ERR657383	4809037	4564666	40351	476	601	202040	1379
ERR657385	4809037	4566978	37164	197	1405	202040	1450
ERR657389	4809037	4562974	41906	447	401	202040	1716
ERR657390	4809037	4550157	52942	450	551	202040	3347
ERR657393	4809037	4564009	40794	200	565	202040	1629
ERR657394	4809037	4564157	40509	204	622	202040	1709
ERR657396	4809037	4564260	40416	209	582	202040	1739
ERR657397	4809037	4563177	41468	207	341	202040	2011
ERR657401	4809037	4562835	42115	206	430	202040	1617
ERR657403	4809037	4562992	42011	203	390	202040	1604
ERR657407	4809037	4563951	40216	203	560	202040	2270
ERR657408	4809037	4562828	42230	206	364	202040	1575
ERR657410	4809037	4563797	40680	210	670	202040	1850
ERR657412	4809037	4563903	40294	202	664	202040	2136
ERR657413	4809037	4563914	40803	209	706	202040	1574
ERR657414	4809037	4564064	40745	204	597	202040	1591
ERR657415	4809037	4564075	40844	202	548	202040	1530
ERR657417	4809037	4559280	45231	207	394	202040	2092
ERR657419	4809037	4563945	40817	209	609	202040	1626
ERR657420	4809037	4563616	41467	394	359	202040	1555
ERR657421	4809037	4563798	40380	203	597	202040	2222
ERR657422	4809037	4563927	40621	201	643	202040	1806
ERR657423	4809037	4563032	41765	446	394	202040	1806
ERR657424	4809037	4562867	41841	204	491	202040	1798
ERR657425	4809037	4564620	40454	420	525	202040	1398
ERR657426	4809037	4563865	40778	209	676	202040	1678
ERR657427	4809037	4564769	40580	416	501	202040	1147
ERR657428	4809037	4563888	40755	201	522	202040	1832
ERR657429	4809037	4563977	40735	202	560	202040	1725
ERR657432	4809037	4564744	39926	421	525	202040	1802
ERR657433	4809037	4563634	40959	209	682	202040	1722
ERR657434	4809037	4562472	40915	443	574	202040	3036
ERR657435	4809037	4561761	42035	205	576	202040	2625
ERR657437	4809037	4561427	42166	444	678	202040	2726
ERR657439	4809037	4561690	40586	417	1091	202040	3630
ERR657442	4809037	4562338	37916	342	958	202040	5785
ERR657444	4809037	4563425	41710	344	371	202040	1491
ERR657446	4809037	4564540	40397	382	474	202040	1586
ERR657447	4809037	4564336	40560	200	369	202040	1732
ERR657448	4809037	4563854	40938	199	583	202040	1622
ERR657449	4809037	4563138	40692	210	677	202040	2490
ERR657451	4809037	4553018	46538	388	1349	202040	6092
ERR657452	4809037	4563368	40408	382	710	202040	2511
ERR657453	4809037	4550567	50230	435	570	202040	5630
ERR657454	4809037	4564498	39892	204	555	202040	2052
ERR731345	4809037	4563613	41808	202	521	202040	1055
ERR731346	4809037	4564133	40700	200	676	202040	1488
ERR731350	4809037	4564225	40960	209	655	202040	1157
ERR731351	4809037	4564228	40982	209	686	202040	1101
ERR731352	4809037	4564207	40692	198	659	202040	1439
ERR731355	4809037	4564269	40925	209	718	202040	1085
ERR731356	4809037	4564320	40727	202	670	202040	1280
ERR731357	4809037	4565170	40177	381	430	202040	1220
ERR731358	4809037	4443319	154300	697	404	202040	8974
ERR731359	4809037	4563188	42227	203	399	202040	1183
ERR731360	4809037	4550651	53446	581	508	202040	2392
ERR731361	4809037	4552365	51939	328	642	202040	2051
ERR731363	4809037	4564327	37320	196	694	202040	4656
ERR731364	4809037	4564359	40980	203	630	202040	1028
ERR731365	4809037	4563339	41755	205	397	202040	1506
ERR731366	4809037	4564260	40957	205	639	202040	1141
ERR731367	4809037	4561094	43406	318	637	202040	1860
ERR731368	4809037	4550588	54115	581	541	202040	1753
ERR731369	4809037	4559524	45196	351	365	202040	1912
ERR731370	4809037	4564082	40898	199	743	202040	1274
ERR731371	4809037	4549041	54491	390	383	202040	3082
ERR731372	4809037	4565367	40034	369	388	202040	1208
ERR731373	4809037	4562058	37704	202	2719	202040	4516
ERR731374	4809037	4564366	40977	202	632	202040	1022
ERR731375	4809037	4564332	40618	193	651	202040	1396
ERR731378	4809037	4564476	40831	195	685	202040	1005
ERR731379	4809037	4564566	40979	196	402	202040	1050
ERR731380	4809037	4564319	39875	192	608	202040	2195
ERR731382	4809037	4564183	40988	202	650	202040	1176
ERR731384	4809037	4552368	52652	313	714	202040	1263
ERR731386	4809037	4564209	40834	194	665	202040	1289
ERR731387	4809037	4564289	41001	196	623	202040	1084
ERR731388	4809037	4564843	37113	193	1376	202040	3665
ERR731389	4809037	4564894	40535	324	566	202040	1002
ERR731390	4809037	4564262	40972	200	651	202040	1112
ERR731391	4809037	4563197	42018	205	453	202040	1329
ERR731392	4809037	4564255	40815	201	600	202040	1327
ERR731393	4809037	4563134	42086	513	495	202040	1282
ERR731394	4809037	4564114	40990	193	667	202040	1226
ERR731395	4809037	4564793	40263	323	593	202040	1348
ERR731396	4809037	4563106	41942	193	389	202040	1560
ERR731397	4809037	4564087	40838	192	632	202040	1440
ERR731398	4809037	4564147	40840	208	665	202040	1345
ERR731399	4809037	4563159	41793	205	410	202040	1635
ERR731401	4809037	4563519	37385	193	1977	202040	4116
ERR731403	4809037	4564621	40512	321	642	202040	1222
ERR731404	4809037	4564223	41033	190	448	202040	1293
ERR731405	4809037	4564164	40930	201	649	202040	1254
ERR731406	4809037	4548698	37818	380	1196	202040	19285
ERR731407	4809037	4562976	41288	204	439	202040	2294
ERR731408	4809037	4552226	52175	310	631	202040	1965
ERR731409	4809037	4552319	49726	310	662	202040	4290
ERR731410	4809037	4564186	40967	199	619	202040	1225
ERR731413	4809037	4564144	39670	191	600	202040	2583
ERR731414	4809037	4563810	40916	191	661	202040	1610
ERR731415	4809037	4558009	47271	258	451	202040	1266
ERR731416	4809037	4550306	54776	385	503	202040	1412
ERR731418	4809037	4563866	41022	199	756	202040	1353
ERR731419	4809037	4563098	42337	199	453	202040	1109
ERR731421	4809037	4563721	41015	191	838	202040	1423
ERR731422	4809037	4563748	40276	191	693	202040	2280
ERR731424	4809037	4563928	41014	193	769	202040	1286
ERR731426	4809037	4564079	40830	189	638	202040	1450
ERR731427	4809037	4564915	40485	322	413	202040	1184
ERR731429	4809037	4564019	40994	191	581	202040	1403
ERR731430	4809037	4562800	41685	204	455	202040	2057
ERR731432	4809037	4552118	52528	310	772	202040	1579
ERR731433	4809037	4564091	40645	192	646	202040	1615
ERR731434	4809037	4549351	54975	375	477	202040	2194
ERR731435	4809037	4564831	40480	319	610	202040	1076
ERR731436	4809037	4564248	40708	191	647	202040	1394
ERR731438	4809037	4562764	41914	204	509	202040	1810
Reference	4809037	4606997	0	0	0	202040	0
